--WMB--
Offset 	| Name 					| Bytes | Count
------------------------------------------------
18656	| Vertex Group Headers 	| 48 	| 3
18800 	| Vertexes 				| 28 	| 138919
3906544 | VertexEx Data 		| X		| X
X 		| Loops 				| 1(n) to the 16th byte | X
9945952 | Batches Headers 		| 28 	| 36
9946960 | LOD Headers	  		| 20 	| 1
9946980 | Batches Infos  		| 24 	| 36
9947844 | LOD Name 				| 12 	| 4+8=string+pad
9947856 | Mesh Material Pairs 	| 8 	| 30
9948096 | Bone Set Headers 		| 8 	| 32
9948352 | Bone Indexes 			| 2(n) to the 16th byte | X
9950256 | Bone Map 				| 4 	| 183
9950988 | Mesh Groups 			| 44 	| 14
9951604 | Mesh Group Info 		| X 	| 14 pad to 8th
9953504 | Materials 			| X 	| 15

--SHADERS--
Number of variables:
Cloth: 62
Eye: 39
PBS: 50
EyeShadow: 34
Skin: 55
Hair: 62

--BATCHES--
0 0 0 0 21893 37662 12554 | 0 11 0
0 1 0 37662 38487 29184 9728 | 0 12 0
0 2 0 66846 44925 9705 3235 | 0 13 0
0 3 0 76551 74819 51393 17131 | 0 13 0
0 5 0 127944 81811 13920 4640 | 0 13 2
0 11 0 141864 89703 40701 13567 | 0 0 6
0 7 0 182565 90702 1728 576 | 0 1 6
0 12 0 184293 91874 5673 1891 | 0 3 6
0 13 0 189966 92839 5166 1722 | 0 3 6
0 14 0 195132 95739 15423 5141 | 0 3 6
0 7 0 210555 96182 2250 750 | 0 4 6
0 15 0 212805 100996 25158 8386 | 0 6 6
0 16 0 237963 102381 7416 2472 | 0 6 6
0 17 0 245379 103541 5898 1966 | 0 0 7
0 18 0 251277 104497 5145 1715 | 0 3 7
0 19 0 256422 106492 10572 3524 | 0 3 7
0 20 0 266994 107054 3024 1008 | 0 0 8
0 21 0 270018 118762 49656 16552 | 0 1 9
0 22 0 319674 121514 12288 4096 | 0 1 10
0 23 0 331962 124346 5376 1792 | 0 2 11
0 24 0 337338 127454 10656 3552 | 0 5 11
0 25 0 347994 128084 2160 720 | 0 6 11
0 27 0 350154 128976 4653 1551 | 0 0 13
0 28 0 354807 133309 23898 7966 | 0 7 13
0 29 0 378705 138575 23898 7966 | 0 8 13
0 30 0 402603 138843 1044 348 | 0 7 14
0 31 0 403647 138919 282 94 | 0 8 14
1 4 0 0 7828 15012 5004 | 1 13 1
1 6 0 15012 22386 62583 20861 | 1 9 3
1 7 0 77595 23331 4173 1391 | 1 10 3
1 8 0 81768 23876 2229 743 | 1 9 4
1 9 0 83997 30724 32073 10691 | 1 9 4
1 10 0 116070 31245 2946 982 | 1 10 4
1 26 0 119016 33000 9528 3176 | 1 0 12
2 7 0 0 804 4560 1520 | 2 7 5
2 7 0 4560 1608 4560 1520 | 2 8 5

--MESHES--
Body[0]Hair[1]Eyelash[2]Skirt[3]Eyemask[4]Feather[5]Broken[6]facial_normal[7]facial_serious[8]Armor_Body[9]Armor_Head[10]DLC_Skirt[11]DLC_Broken[12]DLC_Body[13]

--MATERIALS--
DLC_Cloth1[0]DLC_W_PBS[1]DLC_W_Skin[2]H_Y_Armor[3]H_Y_BODY[4]PL_0000_Eye[5]W_Cloth[6]W_Cloth_satin[7]W_Cloth_tights[8]W_Hair00[9]W_Hair02[10]W_HairEyelash[11]W_PBS[12]W_Skin[13]eyeshadow1[14]

--BONE MAP--
Missing Bones: 0,1,119,131,137,143,149,155,161,166,167,173,179,185,191

--OTHER--
-UV mappings are the same between vertex and vertexEx data
-Eyes use VertexEx2, PBS use VertexEx1